data/gfs/json/tas-2m-gfs-1.0.json
{"header": { "discipline":0, "disciplineName":"Meteorological products", "gribEdition":2, "gribLength":70205, "center":7, "centerName":"US National Weather Service - NCEP(WMC)", "subcenter":0, "refTime":"2018-01-31T00:00:00.000Z", "significanceOfRT":1, "significanceOfRTName":"Start of forecast", "productStatus":0, "productStatusName":"Operational products", "productType":1, "productTypeName":"Forecast products", "productDefinitionTemplate":0, "productDefinitionTemplateName":"Analysis/forecast at horizontal level/layer at a point in time", "parameterCategory":0, "parameterCategoryName":"Temperature", "parameterNumber":0, "parameterNumberName":"Temperature", "parameterUnit":"K", "genProcessType":2, "genProcessTypeName":"Forecast", "forecastTime":0, "surface1Type":103, "surface1TypeName":"Specified height level above ground", "surface1Value":2.0, "surface2Type":255, "surface2TypeName":"Missing", "surface2Value":0.0, "gridDefinitionTemplate":0, "gridDefinitionTemplateName":"Latitude_Longitude", "numberPoints":65160, "shape":6, "shapeName":"Earth spherical with radius of 6,371,229.0 m", "gridUnits":"degrees", "resolution":48, "winds":"true", "scanMode":0, "nx":360, "ny":181, "basicAngle":0, "lo1":0.0, "la1":90.0, "lo2":359.0, "la2":-90.0, "dx":1.0, "dy":1.0 }, "data":
[rows 52 to 77 of 181, columns 0 to 59 of 360]
287.43155,287.68155,287.91153,287.90155,287.71155,287.65155,287.69153,287.70154,287.24155,287.04153,287.07153,287.08154,286.72156,278.72156,280.77155,275.79153,281.29153,286.70154,287.43155,287.29153,286.82153,286.14154,276.08154,283.53156,283.36154,288.28156,288.07153,284.04153,276.94153,277.91153,275.43155,273.94153,271.11154,271.99155,272.83154,268.64154,270.57153,267.81155,269.34155,274.06155,274.41153,275.30154,272.86154,259.19153,259.89154,264.06155,270.56155,263.08154,263.37155,280.43155,282.29153,281.69153,281.38153,281.42154,274.71155,274.12155,271.13153,267.61154,267.96155,270.09155
288.06155,288.20154,288.56155,288.16153,286.62155,287.63153,286.97156,285.69153,285.99155,281.55154,281.80154,285.40155,287.03156,287.17154,285.51154,278.73154,287.48154,287.63153,287.54153,287.46155,287.34155,287.04153,283.22156,283.56155,288.67154,287.90155,288.41153,287.73154,284.62155,278.61154,274.66153,282.12155,268.58154,273.09155,268.18155,279.63153,280.16153,276.66153,277.83154,278.73154,277.88153,279.05154,277.76154,274.50156,270.84155,262.09155,269.08154,260.93155,268.05154,267.12155,270.20154,282.08154,281.78156,280.10153,277.77155,272.54153,269.50156,269.60153,265.96155,266.56155
288.74155,284.02155,280.24155,277.84155,277.73154,277.52155,278.59155,278.19153,279.40155,279.77155,282.34155,288.44153,288.31155,287.99155,288.03156,288.15155,288.05154,287.83154,287.44153,287.48154,287.45154,287.59155,287.44153,287.73154,288.55154,288.42154,288.36154,288.85153,288.31155,289.35153,288.57153,289.28156,289.14154,288.06155,288.63153,288.38153,280.01154,280.50156,281.78156,281.24155,280.45154,280.26154,279.91153,279.96155,278.01154,273.48154,261.89154,261.37155,265.94153,262.09155,269.46155,261.47156,252.43155,264.04153,268.94153,270.65155,272.12155,273.55154,270.87155,270.56155
281.93155,278.92154,277.85153,278.95154,276.91153,280.65155,279.87155,276.57153,276.61154,280.24155,283.58154,287.32153,288.31155,287.97156,288.09155,288.30154,288.16153,288.12155,287.74155,287.51154,287.60153,287.69153,287.74155,287.73154,287.73154,282.98154,285.81155,288.64154,289.03156,289.17154,288.84155,288.59155,288.62155,278.93155,284.63153,288.77155,281.75156,279.78156,276.96155,279.18155,280.51154,281.31155,280.06155,280.78156,280.66153,278.13153,272.61154,266.64154,264.35153,266.09155,269.06155,269.82153,270.38153,271.95154,273.01154,275.94153,275.77155,274.45154,274.76154,274.49155
280.44153,279.61154,275.83154,278.16153,280.15155,282.26154,285.68155,285.30154,285.83154,284.82153,286.51154,288.49155,288.15155,287.85153,287.96155,288.25156,288.44153,288.29153,288.23154,288.25156,288.27155,288.23154,288.10153,287.84155,287.77155,288.04153,288.39154,288.75156,288.93155,288.50156,288.28156,288.61154,288.83154,288.87155,289.02155,288.49155,274.54153,277.42154,278.77155,279.55154,279.28156,279.70154,280.07153,283.32153,281.94153,280.70154,272.87155,269.98154,266.03156,264.81155,264.48154,264.69153,270.16153,273.97156,273.89154,273.77155,276.74155,274.25156,273.84155,271.97156
278.61154,279.94153,280.43155,280.37155,281.33154,282.89154,283.93155,284.83154,284.79153,284.52155,282.63153,284.64154,286.94153,288.19153,288.21155,288.31155,288.37155,288.47156,288.50156,288.71155,288.67154,288.71155,287.21155,288.08154,287.88153,287.65155,287.83154,288.17154,288.53156,288.85153,288.74155,288.57153,288.59155,288.70154,288.92154,287.50156,279.06155,281.32153,281.19153,280.01154,279.19153,278.88153,279.66153,281.67154,281.53156,280.88153,282.17154,275.82153,274.47156,269.71155,258.23154,267.91153,269.60153,271.18155,274.82153,273.80154,276.33154,278.31155,276.19153,271.39154
282.14154,282.83154,282.89154,282.38153,283.09155,284.27155,285.02155,285.00156,285.53156,284.38153,283.81155,283.62155,283.51154,280.96155,282.70154,286.19153,288.50156,288.79153,288.68155,288.94153,287.80154,282.10153,282.77155,282.48154,285.44153,287.24155,287.74155,288.05154,288.57153,288.93155,289.17154,289.01154,288.84155,288.81155,289.24155,281.89154,279.25156,281.87155,282.06155,279.85153,279.77155,279.73154,280.81155,280.92154,282.08154,283.09155,281.44153,282.70154,282.35153,281.85153,269.33154,264.94153,270.56155,272.83154,274.05154,275.83154,272.72156,275.84155,279.29153,274.77155
284.78156,284.20154,284.26154,284.29153,284.93155,285.97156,286.47156,286.48154,286.24155,285.57153,284.28156,282.66153,281.71155,280.68155,283.07153,284.13153,284.18155,284.33154,288.91153,288.76154,288.29153,283.97156,283.72156,283.61154,283.73154,282.39154,282.45154,282.98154,286.00156,288.95154,284.51154,281.26154,284.15155,285.47156,285.15155,282.37155,279.25156,280.94153,281.62155,280.48154,279.05154,280.68155,282.77155,282.22156,281.52155,281.71155,283.49155,283.45154,283.44153,283.54153,278.10153,267.93155,266.31155,271.53156,273.99155,273.40155,274.63153,273.39154,281.11154,277.51154
287.05154,286.19153,286.45154,285.53156,285.89154,286.80154,287.07153,287.87155,287.26154,286.25156,286.02155,283.53156,282.48154,281.80154,281.98154,282.66153,282.71155,282.76154,282.19153,284.50156,284.60153,284.80154,284.04153,284.46155,283.18155,284.07153,283.23154,285.18155,286.08154,284.46155,283.42154,283.62155,282.28156,281.66153,282.29153,283.49155,279.95154,279.80154,281.49155,280.57153,280.83154,281.39154,282.71155,282.68155,281.85153,280.77155,281.01154,281.12155,283.25156,287.86154,288.46155,278.18155,268.66153,270.24155,269.83154,273.65155,269.72156,271.25156,277.69153,278.92154
290.78156,289.47156,288.03156,285.51154,286.36154,287.16153,289.04153,288.75156,288.53156,287.62155,285.88153,284.25156,283.18155,282.48154,282.54153,282.91153,283.52155,282.90155,282.64154,283.62155,282.68155,283.86154,283.86154,283.76154,284.85153,284.38153,285.03156,285.20154,284.73154,283.38153,283.51154,283.90155,282.35153,289.10153,276.50156,282.75156,276.86154,278.53156,279.98154,278.85153,279.55154,279.22156,279.43155,280.65155,282.04153,282.22156,281.46155,281.81155,284.66153,289.29153,289.66153,287.14154,278.32153,273.18155,272.59155,274.44153,273.93155,274.77155,272.34155,279.20154
293.82153,292.89154,289.84155,289.58154,288.43155,288.48154,289.59155,289.55154,289.29153,288.07153,286.53156,285.46155,284.43155,284.41153,282.54153,282.33154,282.17154,282.57153,282.15155,282.25156,282.48154,283.77155,284.10153,283.34155,284.09155,284.32153,284.64154,284.77155,284.09155,282.97156,284.20154,283.29153,280.80154,282.74155,285.72156,292.59155,279.02155,278.72156,278.25156,279.52155,277.94153,279.63153,279.07153,280.32153,281.55154,282.00156,282.60153,282.74155,283.43155,290.45154,290.42154,290.43155,282.65155,280.34155,279.16153,281.58154,279.04153,281.26154,285.25156,280.95154
293.94153,293.49155,293.68155,293.26154,293.05154,291.45154,291.03156,291.20154,290.82153,289.52155,288.23154,286.92154,284.87155,284.41153,284.02155,284.06155,283.89154,282.45154,282.56155,283.14154,283.05154,284.46155,283.80154,282.14154,283.38153,283.60153,282.17154,281.78156,284.39154,283.11154,283.17154,282.83154,282.85153,283.87155,290.65155,294.56155,289.46155,282.19153,277.81155,278.83154,278.32153,279.94153,279.78156,281.79153,282.59155,281.36154,281.50156,282.72156,283.26154,284.71155,290.65155,290.87155,290.66153,290.59155,283.51154,285.56155,291.20154,291.77155,282.32153,287.72156
296.02155,295.64154,295.16153,295.20154,294.13153,290.99155,288.41153,288.80154,287.97156,288.21155,288.04153,288.04153,284.72156,285.17154,285.68155,284.73154,284.21155,283.25156,283.12155,283.19153,283.50156,283.76154,283.49155,282.30154,283.28156,282.00156,280.92154,281.66153,283.60153,282.24155,281.67154,282.80154,283.25156,284.80154,282.78156,294.15155,295.64154,289.03156,283.44153,283.16153,280.21155,281.94153,282.22156,281.61154,282.53156,282.07153,281.53156,282.11154,282.93155,284.78156,286.25156,290.53156,291.26154,291.38153,291.99155,292.33154,290.51154,293.39154,289.17154,290.48154
294.78156,294.47156,294.64154,293.44153,289.81155,289.07153,288.26154,285.41153,284.67154,286.89154,287.64154,286.40155,283.94153,283.70154,283.05154,284.37155,283.92154,283.86154,283.53156,283.15155,281.97156,282.69153,283.10153,283.53156,283.48154,282.24155,279.56155,279.50156,281.39154,282.41153,283.77155,283.20154,282.71155,285.34155,283.17154,292.24155,295.69153,295.80154,284.31155,283.99155,282.69153,282.07153,282.96155,281.79153,280.98154,280.56155,281.23154,280.25156,279.46155,283.49155,280.40155,286.34155,291.47156,291.67154,292.09155,291.82153,287.30154,293.27155,294.33154,294.99155
294.04153,294.09155,292.10153,291.77155,291.41153,289.25156,288.14154,286.38153,289.24155,289.77155,286.26154,284.63153,282.30154,282.85153,284.23154,284.31155,282.55154,282.69153,283.09155,283.29153,280.96155,281.43155,281.60153,282.87155,282.73154,281.17154,278.22156,279.93155,282.12155,282.76154,284.23154,283.89154,283.96155,286.32153,284.77155,284.12155,295.30154,296.58154,296.76154,288.10153,285.08154,284.93155,283.04153,282.13153,282.42154,281.37155,280.60153,282.58154,281.49155,282.43155,280.98154,285.32153,290.97156,289.99155,290.62155,288.97156,285.50156,291.94153,294.55154,295.36154
294.93155,293.96155,293.79153,292.57153,292.84155,291.37155,287.52155,290.02155,288.65155,289.65155,288.69153,286.48154,283.92154,284.43155,284.38153,284.45154,282.92154,283.67154,285.36154,282.61154,281.11154,281.59155,282.65155,283.15155,282.65155,279.67154,279.90155,281.75156,283.51154,284.19153,284.71155,285.68155,285.54153,288.90155,284.67154,285.06155,294.64154,296.11154,297.95154,294.67154,283.57153,285.81155,285.22156,284.34155,284.39154,284.07153,282.35153,282.12155,284.21155,284.75156,285.26154,285.93155,288.12155,286.69153,287.08154,287.04153,288.43155,286.73154,288.57153,288.98154
296.13153,295.86154,295.96155,296.12155,293.38153,292.30154,291.35153,291.59155,290.80154,288.95154,289.75156,289.60153,287.82153,286.95154,287.67154,288.38153,283.24155,283.32153,284.03156,280.49155,283.21155,283.15155,282.97156,283.17154,283.04153,282.00156,281.61154,281.77155,283.37155,284.02155,283.93155,284.79153,286.13153,286.95154,286.26154,284.84155,288.48154,295.46155,297.48154,296.63153,291.27155,286.91153,286.75156,286.83154,283.75156,285.48154,284.42154,284.16153,284.16153,284.80154,284.91153,285.28156,285.82153,286.00156,287.72156,287.14154,289.41153,289.91153,292.19153,290.85153
296.75156,297.06155,296.34155,293.00156,292.65155,292.03156,292.70154,291.94153,290.76154,288.54153,288.96155,289.54153,289.81155,289.84155,290.92154,290.96155,290.07153,284.28156,285.69153,283.20154,284.23154,284.31155,284.58154,283.64154,283.01154,282.29153,281.91153,282.60153,282.81155,283.36154,285.21155,284.50156,284.82153,287.48154,286.66153,285.34155,286.61154,291.60153,297.34155,297.84155,292.21155,282.40155,283.05154,285.21155,286.77155,287.54153,286.51154,287.11154,288.17154,287.42154,286.98154,285.91153,285.98154,286.58154,288.24155,288.09155,288.79153,289.76154,292.87155,295.83154
297.36154,296.75156,293.92154,292.62155,292.88153,295.36154,294.62155,293.28156,292.13153,288.95154,290.00156,291.30154,291.81155,290.90155,290.54153,290.62155,290.07153,291.75156,291.65155,286.58154,285.59155,284.80154,284.76154,283.58154,283.06155,282.71155,282.89154,282.60153,284.05154,284.54153,286.02155,286.36154,286.71155,287.90155,287.70154,287.52155,288.16153,290.46155,297.11154,297.34155,297.61154,296.65155,284.11154,285.78156,286.23154,287.12155,285.53156,284.99155,286.30154,287.36154,285.89154,285.94153,286.14154,286.84155,288.50156,288.47156,289.03156,289.81155,295.40155,296.39154
295.75156,296.08154,294.04153,294.28156,295.62155,295.17154,293.73154,293.81155,293.75156,286.25156,289.42154,291.22156,290.99155,291.48154,290.55154,288.16153,289.63153,291.12155,290.94153,288.82153,288.33154,287.20154,284.88153,284.37155,282.85153,283.74155,283.54153,283.20154,284.28156,286.10153,286.86154,287.25156,287.88153,287.76154,289.11154,290.00156,288.55154,288.91153,297.06155,297.29153,298.03156,298.18155,289.45154,285.04153,282.09155,282.67154,283.17154,284.40155,285.10153,285.87155,286.34155,286.10153,285.74155,285.78156,288.36154,289.37155,289.64154,291.69153,296.08154,296.70154
295.60153,295.51154,295.34155,296.28156,296.90155,295.80154,292.67154,293.93155,295.10153,288.01154,290.09155,290.65155,289.83154,289.32153,288.33154,288.37155,289.56155,291.33154,290.84155,291.04153,289.33154,287.93155,286.22156,285.47156,284.00156,284.60153,284.61154,284.81155,285.22156,285.80154,286.98154,288.40155,288.97156,288.78156,289.84155,292.04153,290.36154,286.96155,291.05154,297.29153,298.02155,297.98154,294.75156,284.08154,282.09155,281.43155,284.15155,284.71155,285.09155,285.75156,286.89154,286.43155,286.91153,288.04153,288.68155,288.12155,291.70154,295.93155,296.31155,296.57153
296.50156,296.07153,296.89154,295.39154,294.50156,292.95154,292.51154,291.76154,291.39154,289.62155,289.02155,289.67154,289.07153,288.64154,288.49155,288.36154,289.99155,291.25156,291.15155,290.05154,287.83154,289.04153,288.08154,283.86154,284.07153,284.43155,284.44153,284.40155,285.75156,286.37155,287.61154,286.94153,289.59155,290.49155,291.54153,292.22156,291.60153,288.72156,292.15155,295.62155,297.96155,297.83154,298.21155,297.00156,281.22156,283.64154,283.63153,286.46155,286.10153,286.02155,286.37155,286.69153,285.91153,284.82153,293.11154,296.26154,296.43155,296.35153,296.42154,296.32153
297.42154,297.64154,295.97156,295.76154,294.00156,292.63153,291.65155,291.36154,289.78156,289.35153,289.22156,289.91153,289.23154,288.31155,288.17154,289.20154,289.58154,289.67154,289.60153,289.41153,288.89154,289.24155,288.37155,285.31155,283.80154,284.21155,283.33154,285.96155,286.07153,287.28156,287.46155,288.16153,289.60153,291.13153,292.62155,293.92154,293.05154,291.15155,290.56155,293.18155,297.73154,297.62155,297.72156,297.90155,283.20154,288.84155,287.88153,288.85153,286.74155,288.27155,290.20154,287.83154,292.38153,296.87155,297.69153,297.71155,296.73154,296.45154,296.66153,296.34155
296.76154,295.82153,295.31155,295.27155,294.14154,293.09155,291.47156,290.87155,289.30154,289.19153,288.99155,288.63153,289.16153,288.85153,288.81155,288.37155,289.17154,289.56155,290.04153,291.06155,291.30154,289.48154,285.70154,286.81155,286.25156,285.90155,285.97156,287.00156,286.78156,288.27155,288.57153,290.54153,290.03156,292.41153,294.40155,294.25156,295.64154,292.88153,291.66153,287.92154,295.47156,297.80154,298.19153,297.84155,288.42154,285.78156,286.51154,287.47156,285.81155,285.68155,290.64154,296.59155,296.47156,297.29153,297.72156,296.95154,296.54153,296.71155,296.42154,296.36154
296.61154,295.54153,295.44153,294.18155,292.26154,292.36154,290.65155,289.33154,288.57153,288.46155,289.59155,289.69153,289.49155,293.40155,293.66153,289.08154,289.52155,289.98154,290.11154,292.23154,292.07153,291.30154,288.16153,288.33154,287.13153,286.86154,285.63153,286.42154,288.66153,287.55154,288.61154,289.56155,290.81155,293.37155,295.13153,296.04153,295.84155,292.10153,291.01154,287.78156,292.77155,294.31155,297.95154,297.33154,288.39154,287.00156,286.17154,290.92154,296.25156,296.87155,297.30154,297.36154,297.24155,296.96155,296.75156,296.48154,296.54153,296.57153,296.49155,296.63153
295.63153,295.04153,295.21155,293.61154,292.91153,292.13153,290.64154,290.06155,287.84155,288.71155,289.05154,289.45154,289.75156,291.28156,295.89154,295.22156,292.04153,291.78156,291.96155,292.47156,292.96155,292.30154,290.56155,290.66153,290.75156,287.50156,287.41153,288.01154,288.80154,288.30154,289.38153,290.10153,290.81155,295.68155,295.88153,297.22156,295.90155,291.74155,286.51154,290.76154,290.73154,298.83154,295.20154,296.96155,292.32153,295.51154,297.43155,296.99155,296.81155,297.08154,297.63153,297.50156,296.68155,296.28156,296.17154,296.48154,296.75156,296.77155,296.82153,297.04153
