data/gfs/json/tas-2m-gfs-1.0.json
{"header": { "discipline":0, "disciplineName":"Meteorological products", "gribEdition":2, "gribLength":70205, "center":7, "centerName":"US National Weather Service - NCEP(WMC)", "subcenter":0, "refTime":"2018-01-31T00:00:00.000Z", "significanceOfRT":1, "significanceOfRTName":"Start of forecast", "productStatus":0, "productStatusName":"Operational products", "productType":1, "productTypeName":"Forecast products", "productDefinitionTemplate":0, "productDefinitionTemplateName":"Analysis/forecast at horizontal level/layer at a point in time", "parameterCategory":0, "parameterCategoryName":"Temperature", "parameterNumber":0, "parameterNumberName":"Temperature", "parameterUnit":"K", "genProcessType":2, "genProcessTypeName":"Forecast", "forecastTime":0, "surface1Type":103, "surface1TypeName":"Specified height level above ground", "surface1Value":2.0, "surface2Type":255, "surface2TypeName":"Missing", "surface2Value":0.0, "gridDefinitionTemplate":0, "gridDefinitionTemplateName":"Latitude_Longitude", "numberPoints":65160, "shape":6, "shapeName":"Earth spherical with radius of 6,371,229.0 m", "gridUnits":"degrees", "resolution":48, "winds":"true", "scanMode":0, "nx":360, "ny":181, "basicAngle":0, "lo1":0.0, "la1":90.0, "lo2":359.0, "la2":-90.0, "dx":1.0, "dy":1.0 }, "data":
[rows 26 to 51 of 181, columns 120 to 179 of 360]
232.83154,233.35155,233.74155,235.20154,235.99155,235.43155,233.98154,234.79155,236.39154,238.52155,240.04155,241.05154,245.03154,249.27155,249.55154,248.65155,247.18155,248.73154,250.66154,249.92154,249.07155,250.66154,250.48154,256.31155,257.41153,257.15155,258.85153,257.99155,259.49155,259.84155,258.59155,259.75156,262.68155,262.88153,263.96155,264.71155,267.08154,266.98154,263.20154,264.59155,265.14154,265.42154,262.91153,260.32153,259.92154,259.92154,261.91153,260.96155,261.39154,260.27155,261.38153,261.01154,261.78156,262.42154,261.92154,262.91153,263.41153,263.54153,264.63153,265.93155
236.98154,236.50154,236.07155,238.03154,240.61154,239.79155,238.30154,236.27155,235.22154,233.91154,233.57155,233.92154,234.68155,234.91154,234.23154,234.06154,236.19154,241.25154,253.25154,252.66154,250.45154,251.11154,249.87154,249.27155,257.37155,259.64154,260.10153,260.47156,260.45154,260.40155,262.97156,264.60153,265.68155,266.99155,268.69153,267.44153,268.72156,267.69153,265.89154,264.61154,266.32153,268.02155,269.14154,268.88153,264.97156,261.25156,262.01154,261.03156,262.26154,262.89154,263.64154,262.70154,260.74155,260.03156,261.01154,264.21155,266.67154,266.56155,266.25156,267.37155
244.68155,243.67154,243.09154,242.92154,243.34154,242.15155,241.33154,240.09154,238.71155,235.97154,234.60155,235.41154,235.58154,235.58154,235.94154,236.94154,240.11154,243.60155,253.32155,258.13153,258.46155,258.07153,253.78154,256.56155,260.91153,259.89154,258.29153,258.89154,260.81155,259.62155,261.89154,264.60153,264.49155,264.64154,266.44153,268.83154,269.09155,268.46155,269.17154,269.26154,269.71155,270.77155,269.21155,268.64154,267.99155,263.70154,262.75156,264.97156,264.02155,262.73154,263.42154,266.16153,265.63153,263.42154,264.48154,265.21155,269.12155,271.40155,271.93155,271.96155
250.33154,249.46155,248.09154,247.15155,246.49155,245.96155,245.41154,244.33154,241.59154,240.60155,240.08154,239.05154,238.37154,237.87154,237.89154,238.27155,239.63155,244.41154,253.27155,259.38153,261.71155,264.02155,263.07153,264.67154,264.08154,264.67154,266.68155,265.67154,264.90155,265.90155,265.10153,265.73154,266.35153,269.03156,267.83154,268.16153,271.12155,272.72156,273.14154,273.65155,272.19153,270.57153,272.48154,272.24155,270.43155,268.75156,266.49155,267.61154,266.62155,266.08154,263.88153,265.05154,267.53156,270.41153,272.05154,274.20154,275.19153,275.13153,275.08154,274.83154
252.32155,251.50154,250.05154,249.20154,248.59154,247.79155,246.43155,245.31154,243.73154,241.56154,240.71155,240.07155,240.60155,240.16154,239.70154,239.63155,239.66154,241.02155,243.48154,248.37154,262.01154,265.07153,266.23154,267.07153,264.81155,265.66153,265.77155,265.94153,268.78156,269.60153,269.54153,269.16153,269.14154,270.63153,271.14154,272.45154,273.00156,274.29153,274.53156,274.80154,274.95154,274.25156,271.31155,271.21155,273.34155,273.29153,273.16153,273.16153,273.47156,273.48154,272.77155,274.16153,275.70154,275.34155,274.91153,274.60153,274.42154,274.56155,274.90155,275.23154
252.47154,252.47154,251.44154,249.77155,249.11154,248.39154,248.59154,247.37154,245.77155,244.28154,243.96155,243.82155,243.55154,242.04155,242.39154,242.16154,240.34154,240.09154,245.12154,244.80154,244.72154,255.77155,269.47156,269.62155,269.25156,269.42154,269.13153,269.35153,269.47156,269.81155,269.70154,269.70154,268.01154,269.97156,271.09155,272.78156,273.70154,274.29153,274.43155,274.56155,273.79153,269.45154,269.67154,273.75156,273.54153,274.69153,275.17154,275.21155,275.38153,275.25156,275.13153,275.16153,274.91153,274.66153,274.36154,274.13153,274.04153,274.13153,274.46155,274.87155
251.00154,250.06154,250.19154,249.98154,248.85155,246.66154,245.23154,245.47154,242.86154,243.22154,242.38155,242.04155,242.15155,243.94154,242.86154,243.29155,244.18155,242.15155,241.03154,242.62154,247.73154,257.79153,266.46155,270.71155,268.82153,268.75156,269.59155,269.70154,269.84155,269.94153,270.11154,270.53156,270.55154,270.17154,269.97156,270.79153,272.62155,273.77155,274.38153,274.07153,273.80154,268.52155,273.92154,273.91153,275.42154,275.24155,275.23154,275.11154,275.22156,275.35153,275.10153,274.96155,274.91153,274.72156,274.61154,274.51154,274.46155,274.53156,274.70154,275.02155
247.25154,246.03154,244.40155,245.86154,247.98154,244.33154,242.58154,241.12154,243.34154,240.36154,241.11154,240.45154,240.41154,243.26154,241.64154,243.39154,244.22154,243.00154,243.99155,252.62154,255.41154,257.71155,261.00156,264.05154,267.72156,269.41153,269.30154,269.69153,269.84155,269.94153,270.08154,270.24155,270.33154,270.41153,270.17154,269.91153,270.73154,267.99155,269.23154,273.22156,269.23154,273.76154,271.61154,273.97156,275.55154,275.32153,275.28156,275.41153,275.37155,275.28156,275.46155,275.41153,275.35153,275.34155,275.22156,275.20154,275.13153,275.12155,275.17154,275.39154
248.04155,246.91154,243.37154,243.83154,244.96155,244.87154,242.04155,242.16154,242.58154,242.12154,242.06154,241.31154,238.16154,239.03154,241.03154,244.02155,243.03154,248.90155,255.08154,254.84154,255.26154,256.56155,257.31155,261.08154,266.14154,269.46155,268.07153,269.06155,269.43155,269.73154,269.94153,270.08154,270.36154,270.55154,270.31155,269.35153,268.19153,265.73154,270.92154,269.39154,275.15155,271.41153,273.60153,273.67154,275.62155,275.45154,275.61154,275.65155,275.57153,275.61154,275.63153,275.95154,275.85153,275.74155,275.66153,275.56155,275.46155,275.44153,275.52155,275.62155
244.04155,243.92154,242.34154,241.96155,243.51154,243.53154,243.85155,245.90155,246.67154,244.25154,244.86154,244.86154,240.63155,245.24155,245.72154,246.21155,254.83154,254.91154,254.68155,254.80154,254.25154,255.40155,256.39154,257.69153,261.88153,266.63153,268.73154,268.65155,268.61154,268.92154,269.66153,270.02155,270.21155,270.55154,270.75156,269.15155,266.65155,264.60153,268.52155,273.47156,271.06155,268.21155,274.00156,275.32153,275.73154,275.86154,275.21155,275.53156,275.86154,275.82153,276.09155,276.10153,276.06155,275.95154,275.87155,275.84155,275.84155,275.84155,275.90155,276.02155
246.85155,247.51154,248.71155,247.71155,246.34154,249.48154,249.57155,247.73154,246.35155,244.19154,245.27155,244.48154,247.24155,246.93155,247.22154,246.15155,250.01154,251.61154,252.44154,251.80154,252.57155,255.11154,255.21155,255.91154,258.62155,262.34155,266.76154,269.31155,268.49155,268.04153,268.58154,269.53156,269.98154,270.35153,270.95154,270.89154,267.57153,264.75156,270.07153,272.90155,275.07153,275.59155,275.34155,275.45154,275.63153,275.73154,275.90155,275.97156,276.23154,276.37155,276.50156,276.48154,276.37155,276.25156,276.25156,276.28156,276.34155,276.35153,276.35153,276.39154
247.07155,246.99155,248.12154,247.75154,249.58154,250.07155,249.13155,247.71155,247.62154,247.92154,243.22154,244.43155,244.52155,245.26154,243.62154,245.12154,247.48154,247.26154,249.10155,253.30154,253.17154,255.13155,255.23154,255.71155,257.07153,258.16153,261.13153,264.47156,266.30154,267.03156,267.50156,268.58154,269.57153,270.01154,270.71155,271.50156,268.77155,267.03156,266.79153,274.78156,275.01154,275.58154,275.63153,275.33154,275.41153,275.55154,275.86154,276.01154,276.20154,276.38153,276.46155,276.64154,276.65155,275.81155,276.67154,276.71155,276.74155,276.77155,276.78156,276.75156
246.65155,246.14154,246.28154,247.11154,247.76154,249.97154,251.45154,248.30154,248.56154,247.81154,246.23154,246.32155,246.75154,245.10155,242.99155,246.52155,246.42154,247.24155,248.90155,251.96155,252.44154,252.55154,255.09154,255.81154,257.70154,258.28156,259.73154,262.39154,264.33154,265.70154,266.63153,267.95154,269.02155,269.70154,270.46155,271.11154,271.36154,266.13153,266.97156,272.88153,273.28156,274.61154,275.48154,275.57153,275.53156,275.78156,276.08154,276.12155,276.15155,276.18155,276.20154,276.50156,276.51154,276.57153,276.58154,276.58154,276.59155,276.55154,276.56155,276.66153
244.54155,245.57155,246.31154,247.95154,248.70154,248.53154,248.73154,250.34154,248.82155,247.51154,248.13155,246.43155,246.04155,246.62154,246.80154,249.58154,253.01154,247.63155,248.30154,248.43155,249.67154,258.60153,258.32153,255.02155,258.47156,258.03156,259.56155,261.57153,263.11154,264.76154,266.53156,267.75156,268.63153,269.60153,270.46155,270.97156,271.21155,270.71155,271.65155,271.94153,272.43155,272.65155,274.90155,275.42154,275.93155,276.20154,276.27155,276.15155,276.12155,276.05154,276.01154,276.21155,276.43155,276.57153,276.71155,276.79153,276.84155,276.86154,276.88153,276.77155
244.16154,243.18155,245.57155,248.38155,249.14154,248.25154,247.35155,250.73154,248.41154,247.66154,248.40155,247.83154,247.50154,246.10155,248.05154,247.35155,247.20154,247.70154,250.36154,248.35155,251.33154,256.94153,257.10153,256.01154,256.75156,256.55154,258.60153,262.13153,264.17154,265.68155,266.83154,267.69153,268.75156,269.85153,270.52155,270.89154,270.93155,271.37155,271.71155,272.00156,272.33154,272.32153,273.39154,275.60153,276.00156,276.25156,276.31155,276.26154,276.06155,275.90155,275.82153,275.86154,276.02155,276.26154,276.45154,276.61154,276.71155,276.79153,276.92154,277.03156
244.29155,243.24155,245.28154,248.23154,247.90155,247.77155,246.93155,247.47154,249.93155,250.89154,250.44154,248.46155,250.99155,252.05154,249.94154,246.32155,248.49155,251.99155,248.13155,246.20154,252.98154,260.99155,259.33154,257.78156,260.32153,258.73154,262.63153,264.34155,265.29153,266.20154,267.37155,268.34155,269.35153,270.07153,270.77155,271.12155,271.20154,271.37155,271.69153,272.03156,272.37155,272.61154,273.20154,275.34155,275.63153,275.93155,276.05154,276.06155,276.08154,276.05154,275.95154,276.05154,276.13153,275.99155,276.19153,276.42154,276.55154,276.78156,276.83154,276.91153
245.64154,246.71155,249.09154,249.59154,248.56154,247.34154,247.36154,246.22154,247.63155,248.30154,250.79155,252.32155,249.78154,250.62154,248.18155,248.86154,252.83154,250.62154,249.38155,250.82155,260.78156,263.12155,263.19153,262.40155,261.52155,260.11154,264.63153,265.57153,266.57153,267.28156,268.13153,269.32153,269.81155,270.30154,270.91153,271.18155,271.14154,271.50156,271.84155,272.09155,272.52155,272.97156,273.34155,274.71155,275.58154,275.80154,275.95154,276.09155,276.08154,276.07153,276.12155,276.07153,276.21155,276.26154,276.22156,276.32153,276.48154,276.56155,276.72156,276.78156
245.03154,247.77155,250.65155,253.39154,252.30154,249.45154,248.02155,247.21155,246.77155,249.84154,251.77155,250.95154,250.88155,249.37154,252.21155,251.17154,251.99155,247.76154,249.68155,259.53156,263.35153,265.41153,264.37155,261.27155,261.24155,264.76154,266.50156,267.00156,267.69153,268.78156,269.22156,269.63153,269.97156,270.57153,270.91153,271.05154,270.70154,271.87155,272.07153,272.47156,272.66153,273.09155,273.62155,274.38153,275.58154,276.05154,276.32153,276.37155,276.41153,276.24155,276.17154,276.23154,276.29153,276.25156,276.37155,276.52155,276.51154,276.61154,276.74155,276.83154
249.12154,251.64154,255.18155,254.66154,253.09154,250.68155,250.62154,249.68155,248.79155,250.59154,252.33154,251.33154,251.66154,252.53154,251.79155,253.06154,250.33154,251.50154,258.17154,262.61154,265.17154,266.65155,266.56155,266.90155,265.95154,267.01154,268.11154,268.89154,268.91153,269.21155,267.47156,269.71155,269.88153,270.35153,270.72156,271.22156,271.82153,272.11154,272.24155,272.62155,273.11154,273.66153,274.16153,274.60153,275.63153,276.70154,276.62155,276.89154,277.01154,276.91153,276.70154,276.78156,276.93155,276.71155,276.54153,276.65155,276.82153,277.06155,277.34155,277.40155
252.67154,254.92154,256.56155,255.53154,253.87154,252.86154,252.18155,250.77155,251.76154,251.37154,252.73154,253.11154,255.19154,253.09154,252.88155,252.03154,253.04155,260.38153,262.86154,264.46155,266.60153,268.37155,267.21155,267.79153,267.84155,267.79153,268.79153,268.81155,267.21155,269.22156,269.91153,269.90155,270.04153,270.57153,270.86154,271.41153,271.92154,272.32153,273.16153,273.27155,274.02155,274.72156,274.99155,275.05154,275.94153,277.43155,277.13153,277.12155,277.41153,277.68155,277.65155,277.70154,277.98154,277.88153,277.69153,277.70154,277.93155,278.00156,278.34155,278.42154
257.15155,258.38153,257.70154,256.10153,254.68155,255.17154,254.88155,255.26154,253.26154,255.03154,254.71155,256.18155,256.40155,255.81154,253.97154,255.34154,262.26154,265.00156,266.54153,267.33154,268.47156,269.47156,264.81155,261.82153,264.31155,265.31155,268.91153,269.18155,269.36154,270.21155,270.35153,270.66153,270.80154,271.00156,271.57153,272.20154,272.86154,273.16153,274.04153,274.11154,274.62155,275.61154,275.96155,276.10153,276.43155,277.81155,278.40155,278.02155,277.97156,278.50156,278.77155,279.22156,279.57153,279.50156,279.21155,279.09155,278.83154,278.67154,278.72156,278.71155
259.78156,259.70154,258.46155,257.98154,256.42154,255.93155,254.53154,255.61154,256.39154,258.85153,259.62155,259.08154,259.95154,258.61154,259.75156,264.34155,266.36154,267.50156,268.68155,269.33154,270.15155,262.74155,263.24155,264.07153,264.83154,268.00156,269.46155,270.13153,270.96155,270.54153,271.26154,271.54153,271.89154,272.37155,273.08154,273.52155,274.12155,274.24155,274.91153,275.12155,275.42154,276.37155,276.75156,276.86154,276.75156,278.00156,279.79153,280.40155,279.79153,279.64154,280.48154,280.20154,280.68155,281.00156,280.79153,280.63153,280.39154,279.98154,279.31155,278.88153
258.86154,261.47156,261.20154,260.63153,258.78156,257.13153,256.79153,256.00156,251.86154,257.04153,266.44153,267.36154,266.68155,265.87155,266.43155,268.33154,269.06155,269.01154,270.17154,270.96155,270.32153,269.69153,271.49155,270.54153,271.92154,272.64154,272.83154,272.96155,272.91153,273.04153,273.09155,273.16153,273.29153,273.33154,274.01154,274.74155,275.43155,275.71155,275.94153,276.26154,276.42154,277.35153,277.61154,277.53156,277.53156,278.42154,280.45154,281.59155,283.12155,282.66153,281.82153,281.82153,282.28156,282.58154,282.33154,282.00156,281.75156,281.14154,281.00156,280.24155
262.85153,264.30154,263.65155,262.32153,259.34155,259.41153,261.08154,255.16154,254.82155,257.28156,269.34155,269.96155,269.11154,268.87155,269.19153,269.90155,271.55154,272.52155,272.01154,271.39154,271.75156,270.69153,271.94153,272.50156,273.45154,274.13153,274.47156,274.70154,274.24155,274.16153,274.26154,274.66153,274.67154,274.72156,275.41153,275.99155,276.42154,277.16153,277.16153,277.32153,277.74155,278.37155,278.89154,278.97156,279.16153,279.53156,280.48154,281.98154,283.51154,283.87155,283.34155,282.57153,283.13153,283.23154,283.16153,282.84155,282.57153,282.12155,282.05154,281.37155
266.70154,268.79153,265.16153,264.35153,264.63153,263.20154,263.13153,259.33154,268.85153,270.99155,272.17154,271.37155,271.07153,270.89154,271.41153,272.68155,271.82153,272.40155,272.15155,271.93155,271.73154,266.10153,271.73154,273.38153,274.60153,275.18155,275.23154,275.45154,275.69153,276.04153,276.52155,275.56155,275.53156,276.16153,277.04153,277.46155,277.67154,278.32153,278.34155,278.36154,279.10153,279.78156,280.16153,280.40155,280.57153,280.91153,281.42154,282.16153,283.03156,285.11154,285.31155,283.96155,283.96155,283.97156,283.48154,283.27155,283.11154,283.21155,283.14154,282.59155
271.45154,270.25156,269.60153,271.17154,271.45154,267.33154,265.27155,262.77155,272.39154,273.77155,274.13153,274.05154,273.19153,273.03156,273.96155,275.46155,276.58154,275.15155,274.96155,273.89154,270.01154,270.77155,273.29153,275.15155,276.04153,276.47156,276.65155,276.86154,277.34155,277.61154,277.91153,278.05154,277.24155,277.71155,278.43155,278.97156,279.41153,279.91153,279.80154,279.81155,280.41153,281.17154,281.42154,281.76154,282.05154,282.19153,282.39154,282.60153,283.85153,285.37155,286.36154,285.30154,284.51154,284.72156,284.17154,283.82153,284.33154,284.40155,284.46155,283.91153
