data/gfs/json/tas-2m-gfs-1.0.json
{"header": { "discipline":0, "disciplineName":"Meteorological products", "gribEdition":2, "gribLength":70205, "center":7, "centerName":"US National Weather Service - NCEP(WMC)", "subcenter":0, "refTime":"2018-01-31T00:00:00.000Z", "significanceOfRT":1, "significanceOfRTName":"Start of forecast", "productStatus":0, "productStatusName":"Operational products", "productType":1, "productTypeName":"Forecast products", "productDefinitionTemplate":0, "productDefinitionTemplateName":"Analysis/forecast at horizontal level/layer at a point in time", "parameterCategory":0, "parameterCategoryName":"Temperature", "parameterNumber":0, "parameterNumberName":"Temperature", "parameterUnit":"K", "genProcessType":2, "genProcessTypeName":"Forecast", "forecastTime":0, "surface1Type":103, "surface1TypeName":"Specified height level above ground", "surface1Value":2.0, "surface2Type":255, "surface2TypeName":"Missing", "surface2Value":0.0, "gridDefinitionTemplate":0, "gridDefinitionTemplateName":"Latitude_Longitude", "numberPoints":65160, "shape":6, "shapeName":"Earth spherical with radius of 6,371,229.0 m", "gridUnits":"degrees", "resolution":48, "winds":"true", "scanMode":0, "nx":360, "ny":181, "basicAngle":0, "lo1":0.0, "la1":90.0, "lo2":359.0, "la2":-90.0, "dx":1.0, "dy":1.0 }, "data":
[rows 0 to 25 of 181, columns 0 to 59 of 360]
242.94154,242.94154,242.94154,242.94154,242.94154,242.94154,242.94154,242.94154,242.94154,242.94154,242.94154,242.94154,242.94154,242.94154,242.94154,242.94154,242.94154,242.94154,242.94154,242.94154,242.94154,242.94154,242.94154,242.94154,242.94154,242.94154,242.94154,242.94154,242.94154,242.94154,242.94154,242.94154,242.94154,242.94154,242.94154,242.94154,242.94154,242.94154,242.94154,242.94154,242.94154,242.94154,242.94154,242.94154,242.94154,242.94154,242.94154,242.94154,242.94154,242.94154,242.94154,242.94154,242.94154,242.94154,242.94154,242.94154,242.94154,242.94154,242.94154,242.94154
241.96155,241.98154,241.99155,242.01154,242.03154,242.04155,242.05154,242.05154,242.06154,242.07155,242.08154,242.09154,242.10155,242.11154,242.13155,242.13155,242.14154,242.16154,242.17154,242.18155,242.19154,242.20154,242.22154,242.23154,242.25154,242.26154,242.27155,242.28154,242.31154,242.32155,242.35155,242.37154,242.38155,242.41154,242.43155,242.46155,242.48154,242.50154,242.52155,242.54155,242.56154,242.59154,242.61154,242.64154,242.66154,242.68155,242.73154,242.78154,242.82155,242.86154,242.91154,242.95154,242.99155,243.03154,243.07155,243.10155,243.14154,243.17154,243.20154,243.22154
242.22154,242.23154,242.25154,242.26154,242.28154,242.30154,242.32155,242.33154,242.34154,242.35155,242.35155,242.37154,242.39154,242.41154,242.42154,242.43155,242.44154,242.47154,242.49155,242.50154,242.52155,242.54155,242.56154,242.58154,242.59154,242.61154,242.64154,242.67154,242.70154,242.72154,242.73154,242.76154,242.78154,242.80154,242.81154,242.83154,242.84154,242.87154,242.89154,242.91154,242.92154,242.94154,242.96155,242.98154,243.00154,243.03154,243.06154,243.10155,243.16154,243.21155,243.27155,243.33154,243.39154,243.43155,243.46155,243.45154,243.46155,243.46155,243.43155,243.37154
242.89154,242.87154,242.86154,242.88155,242.92154,243.01154,243.04155,243.01154,242.90155,242.75154,242.72154,242.70154,242.70154,242.69154,242.69154,242.72154,242.79155,242.81154,242.79155,242.78154,242.79155,242.86154,242.91154,242.90155,242.89154,242.91154,242.95154,243.01154,243.01154,243.00154,243.04155,243.08154,243.10155,243.14154,243.18155,243.22154,243.26154,243.28154,243.29155,243.31154,243.35155,243.36154,243.35155,243.39154,243.43155,243.46155,243.49155,243.51154,243.51154,243.50154,243.52155,243.55154,243.58154,243.61154,243.59154,243.57155,243.52155,243.50154,243.48154,243.48154
244.18155,244.11154,243.98154,243.80154,243.65155,243.54155,243.44154,243.28154,243.20154,243.18155,243.18155,243.03154,242.97154,242.93155,242.89154,242.87154,242.84154,242.82155,242.79155,242.77155,242.78154,242.80154,242.81154,242.80154,242.83154,242.86154,242.89154,242.93155,242.97154,243.01154,243.04155,243.14154,243.22154,243.32155,243.31154,243.26154,243.25154,243.29155,243.34154,243.35155,243.39154,243.39154,243.43155,243.46155,243.54155,243.62154,243.66154,243.65155,243.77155,243.85155,243.88155,243.88155,243.92154,243.96155,243.91154,243.85155,243.84154,243.88155,243.84154,243.79155
245.45154,245.13155,244.89154,244.72154,244.59154,244.47154,244.32155,244.19154,243.94154,243.71155,243.53154,243.42154,243.36154,243.29155,243.21155,243.16154,243.09154,243.06154,243.02155,242.98154,242.96155,242.94154,242.91154,242.87154,242.84154,242.83154,242.82155,242.82155,242.82155,242.79155,242.78154,242.77155,242.77155,242.80154,242.80154,242.82155,242.82155,242.87154,242.90155,242.93155,242.98154,243.02155,243.09154,243.15155,243.19154,243.22154,243.31154,243.41154,243.31154,243.37154,243.34154,243.39154,243.45154,243.49155,243.54155,243.59154,243.64154,243.67154,243.72154,243.77155
246.02155,245.95154,245.73154,245.45154,245.23154,244.91154,244.69154,244.52155,244.37154,244.24155,244.10155,243.79155,243.59154,243.40155,243.33154,243.21155,243.15155,243.09154,243.05154,242.98154,242.93155,242.90155,242.89154,242.88155,242.86154,242.85155,242.85155,242.85155,242.87154,242.88155,242.89154,242.90155,242.95154,243.06154,242.98154,242.89154,242.85155,242.82155,242.82155,242.81154,242.86154,242.90155,242.97154,243.04155,243.11154,243.17154,243.23154,243.27155,243.36154,243.44154,243.50154,243.57155,243.62154,243.67154,243.73154,243.79155,243.86154,243.93155,244.03154,244.16154
246.66154,246.47154,245.95154,245.55154,245.11154,244.74155,244.52155,244.39154,244.27155,244.20154,244.03154,243.83154,243.73154,243.60155,243.42154,243.29155,243.22154,243.19154,243.05154,242.91154,242.74155,242.60155,242.50154,242.47154,242.47154,242.46155,242.45154,242.45154,242.44154,242.44154,242.48154,242.58154,242.65155,242.72154,242.79155,242.83154,242.87154,242.86154,242.88155,242.95154,243.00154,243.13155,243.31154,243.47154,243.71155,243.86154,243.96155,244.00154,243.97154,244.08154,244.07155,244.02155,244.06154,244.08154,244.14154,244.19154,244.25154,244.35155,244.48154,244.66154
257.18155,257.37155,258.00156,258.79153,259.95154,261.11154,261.82153,262.32153,262.56155,262.16153,261.80154,261.30154,260.84155,260.40155,259.93155,259.41153,258.86154,258.47156,258.13153,257.62155,257.11154,257.04153,256.89154,256.88153,257.02155,256.94153,256.90155,256.34155,255.89154,254.61154,253.22154,251.87154,250.68155,249.27155,247.79155,246.37154,244.70154,243.78154,243.20154,243.21155,243.24155,243.33154,243.19154,243.33154,243.39154,243.53154,243.85155,244.13155,244.34154,244.48154,244.53154,244.59154,244.65155,244.74155,244.93155,245.09154,245.35155,245.63155,246.22154,246.98154
266.06155,267.19153,267.55154,267.81155,267.61154,267.40155,267.24155,267.04153,266.52155,266.75156,266.55154,266.46155,266.17154,265.86154,265.57153,265.28156,264.96155,264.69153,264.44153,264.21155,264.01154,263.89154,263.94153,264.11154,264.18155,263.99155,263.17154,261.30154,258.90155,255.81154,253.15155,251.24155,249.35155,247.03154,244.39154,243.25154,242.71155,242.41154,242.40155,242.37154,242.35155,242.33154,242.39154,242.56154,242.91154,243.48154,244.46155,245.32155,246.40155,247.97154,247.88155,249.52155,250.32155,250.44154,250.23154,248.49155,247.05154,245.53154,246.47154,248.10155
269.99155,270.57153,271.20154,271.44153,271.04153,270.63153,270.28156,269.94153,269.51154,269.10153,268.56155,268.13153,267.67154,267.17154,266.69153,265.95154,263.31155,261.62155,257.60153,252.87154,249.97154,248.97154,251.33154,251.06154,250.02155,249.75154,250.16154,251.44154,252.59154,250.86154,249.37154,248.64154,247.22154,246.68155,246.21155,245.88155,245.97154,245.70154,245.32155,244.69154,244.60155,245.18155,246.81154,247.91154,249.35155,250.56154,250.94154,250.58154,249.42154,249.23154,249.20154,250.01154,251.93155,251.89154,252.13155,252.67154,252.25154,252.33154,251.96155,251.70154
272.05154,272.30154,272.84155,272.83154,272.89154,273.06155,273.54153,273.49155,272.73154,271.58154,270.08154,268.76154,264.02155,260.38153,258.17154,255.89154,256.03156,252.54155,251.65155,250.98154,250.20154,251.30154,252.46155,251.86154,251.44154,250.99155,250.84154,250.54155,251.55154,250.36154,249.23154,248.45154,248.29155,248.21155,248.18155,248.17154,248.13155,248.14154,248.47154,249.34154,250.61154,252.21155,253.20154,253.66154,253.88155,254.02155,254.07155,254.11154,254.09154,254.15155,254.30154,254.87154,255.87154,256.99155,257.67154,257.55154,256.83154,255.95154,255.38155,255.31154
272.87155,272.50156,272.56155,272.92154,273.36154,273.60153,273.33154,272.57153,271.63153,270.63153,269.43155,268.14154,266.73154,264.85153,259.42154,254.99155,252.80154,250.39154,251.69154,255.93155,257.44153,256.12155,252.18155,252.25154,254.06154,253.95154,254.11154,254.81154,255.65155,256.66153,257.45154,257.66153,257.43155,256.83154,256.14154,255.63155,255.27155,255.25154,255.67154,256.43155,257.33154,258.19153,258.94153,259.61154,259.90155,260.13153,260.22156,260.30154,260.07153,260.27155,260.69153,260.96155,261.43155,261.96155,262.56155,262.83154,262.62155,262.58154,262.57153,262.68155
272.67154,272.72156,272.22156,271.78156,271.43155,271.19153,270.81155,270.30154,269.84155,269.40155,268.82153,268.04153,267.23154,266.31155,264.79153,261.57153,257.83154,256.54153,261.97156,263.62155,263.79153,263.29153,262.36154,262.72156,263.00156,263.67154,264.25156,264.62155,264.66153,264.27155,263.87155,263.53156,263.19153,262.86154,262.58154,262.35153,262.17154,262.19153,262.18155,262.37155,262.70154,263.01154,263.12155,263.11154,263.10153,263.14154,263.15155,263.20154,263.28156,263.44153,263.72156,264.11154,264.44153,264.62155,264.70154,264.87155,265.16153,265.42154,265.58154,265.74155
273.03156,272.68155,272.41153,272.11154,271.85153,271.79153,271.75156,271.65155,271.52155,271.37155,271.10153,270.83154,270.59155,270.31155,269.85153,268.96155,268.89154,268.84155,268.95154,268.42154,268.14154,267.96155,267.74155,267.49155,267.35153,267.43155,267.64154,267.65155,267.49155,267.27155,267.02155,266.76154,266.50156,266.22156,265.95154,265.73154,265.55154,265.39154,265.27155,265.18155,265.15155,265.16153,265.15155,265.12155,265.08154,265.08154,265.08154,265.18155,265.31155,265.48154,265.65155,265.76154,265.79153,265.64154,265.47156,265.53156,265.83154,266.09155,265.91153,265.20154
273.15155,273.08154,272.98154,272.95154,273.06155,273.23154,273.38153,273.42154,273.41153,273.35153,273.33154,273.24155,273.13153,272.98154,272.72156,272.34155,271.94153,271.54153,270.83154,270.71155,270.64154,270.73154,270.56155,270.73154,270.73154,270.79153,270.71155,270.62155,270.09155,269.69153,269.59155,269.37155,269.05154,268.70154,268.40155,268.13153,267.91153,267.70154,267.50156,267.32153,267.20154,267.08154,266.95154,266.85153,266.87155,266.93155,266.98154,267.05154,267.10153,267.09155,266.92154,266.70154,266.57153,266.63153,266.63153,265.92154,261.70154,254.46155,252.76154,254.92154
273.34155,273.36154,273.42154,273.58154,274.06155,274.39154,274.69153,274.90155,275.02155,275.13153,275.23154,275.32153,275.39154,275.46155,275.47156,275.45154,275.35153,275.10153,274.73154,274.52155,274.65155,274.78156,274.83154,274.81155,274.70154,274.55154,274.36154,274.17154,273.91153,273.63153,273.33154,272.99155,272.56155,272.16153,271.79153,271.56155,271.35153,270.71155,270.10153,269.68155,269.29153,268.95154,268.69153,268.51154,268.44153,268.44153,268.46155,268.44153,268.31155,268.12155,267.97156,267.86154,267.59155,266.79153,264.63153,255.84154,252.03154,253.82155,257.45154,258.88153
273.72156,273.99155,274.57153,275.08154,275.48154,275.65155,275.78156,275.87155,275.92154,275.96155,275.90155,275.85153,275.68155,275.48154,275.36154,275.24155,275.10153,275.06155,275.03156,274.95154,274.85153,274.59155,274.23154,273.94153,273.78156,273.67154,273.56155,273.47156,273.34155,273.23154,273.16153,273.12155,273.21155,273.36154,273.46155,273.42154,273.37155,273.36154,273.28156,272.86154,272.33154,271.90155,271.46155,270.85153,270.38153,270.04153,269.77155,269.51154,269.28156,269.10153,268.80154,268.23154,267.13153,263.65155,254.08154,254.12154,256.69153,260.14154,258.77155,258.33154
274.87155,275.25156,275.55154,275.71155,275.84155,275.93155,275.94153,275.90155,275.80154,275.67154,275.67154,275.58154,275.47156,275.38153,275.28156,275.23154,275.12155,274.88153,274.50156,274.22156,274.16153,273.98154,273.24155,272.43155,272.15155,272.21155,272.25156,272.25156,272.23154,272.31155,272.50156,272.71155,272.87155,273.04153,273.19153,273.30154,273.39154,273.54153,273.78156,273.83154,273.70154,273.62155,273.23154,272.66153,271.92154,271.48154,271.09155,270.60153,270.08154,269.61154,269.02155,267.49155,259.80154,255.08154,254.76154,256.15155,261.22156,261.53156,262.05154,262.99155
275.95154,276.03156,276.15155,276.20154,276.20154,276.18155,276.23154,276.26154,276.11154,275.85153,275.63153,275.46155,275.24155,274.98154,274.54153,274.18155,274.06155,273.93155,273.66153,273.23154,272.61154,272.01154,271.32153,270.77155,270.35153,269.54153,269.11154,269.79153,266.92154,269.98154,271.32153,272.13153,272.38153,272.42154,272.58154,272.95154,273.16153,273.23154,273.29153,273.39154,273.64154,273.60153,273.17154,273.15155,272.78156,272.27155,271.70154,271.24155,270.78156,270.25156,269.70154,268.70154,266.46155,263.01154,258.13153,258.25156,261.18155,265.99155,266.93155,267.68155
276.72156,276.89154,277.14154,277.50156,277.85153,277.92154,277.71155,277.43155,277.15155,276.84155,276.43155,276.03156,275.68155,275.43155,274.99155,274.42154,273.70154,272.78156,271.88153,265.73154,270.25156,269.33154,263.53156,263.47156,260.77155,263.69153,262.74155,262.35153,264.03156,263.47156,266.88153,269.02155,269.75156,270.51154,271.33154,271.58154,271.51154,271.77155,272.31155,272.61154,272.60153,272.43155,272.23154,271.88153,271.53156,271.45154,271.45154,271.22156,270.78156,270.09155,269.56155,269.67154,269.84155,269.75156,269.45154,269.07153,268.60153,268.31155,267.48154,263.33154
278.09155,278.28156,278.24155,278.03156,277.95154,277.91153,277.82153,277.62155,277.32153,276.88153,276.33154,275.78156,275.48154,275.45154,274.74155,273.06155,271.25156,270.87155,260.00156,258.80154,257.51154,258.06155,259.39154,261.17154,261.34155,262.82153,264.37155,264.72156,264.02155,263.30154,263.10153,261.94153,259.92154,259.78156,259.28156,257.68155,259.29153,268.23154,271.53156,271.86154,270.84155,270.13153,269.44153,269.00156,269.54153,269.72156,268.96155,267.84155,264.67154,257.96155,263.92154,265.43155,264.59155,262.65155,260.82153,260.89154,261.42154,260.92154,259.20154,256.50156
278.54153,278.38153,277.91153,277.69153,277.97156,278.31155,278.55154,278.62155,278.54153,278.56155,278.59155,278.52155,277.52155,274.20154,272.93155,271.58154,267.15155,257.77155,255.88155,255.82155,259.22156,261.91153,262.08154,262.90155,263.26154,262.58154,263.90155,264.41153,263.43155,263.73154,263.74155,262.40155,260.30154,258.21155,258.25156,256.96155,259.28156,262.30154,264.18155,260.98154,267.27155,268.86154,267.89154,266.89154,264.21155,260.71155,262.22156,265.41153,264.71155,263.01154,258.94153,258.27155,258.50156,258.94153,258.97156,258.57153,258.28156,258.40155,257.98154,257.69153
278.62155,278.37155,277.83154,277.55154,277.58154,277.87155,278.26154,278.44153,278.35153,278.16153,278.22156,278.32153,276.87155,275.95154,270.01154,264.55154,261.36154,259.11154,257.50156,259.81155,261.40155,261.38153,261.99155,263.25156,262.96155,263.58154,264.16153,264.15155,263.64154,262.68155,262.85153,262.50156,261.98154,260.66153,260.01154,260.39154,261.56155,261.02155,259.61154,260.09155,261.69153,264.34155,266.55154,265.18155,262.41153,258.73154,262.94153,263.70154,259.76154,259.19153,259.53156,259.81155,259.58154,259.55154,259.40155,259.58154,259.48154,259.11154,258.68155,258.05154
277.48154,277.53156,277.72156,278.11154,278.18155,277.97156,277.79153,277.82153,278.05154,278.08154,277.86154,277.31155,276.01154,267.80154,263.86154,262.97156,261.96155,261.70154,262.09155,260.65155,259.43155,262.01154,263.07153,265.55154,264.94153,264.14154,264.46155,264.07153,263.02155,262.32153,262.39154,263.82153,264.25156,264.02155,265.07153,267.81155,267.83154,267.16153,266.06155,266.45154,265.39154,259.78156,257.95154,257.42154,258.87155,258.52155,258.30154,258.59155,258.78156,258.46155,258.52155,259.05154,259.14154,259.70154,260.00156,260.24155,260.01154,259.27155,259.03156,259.04153
276.69153,276.95154,277.02155,276.96155,277.14154,277.55154,277.97156,277.85153,278.01154,277.90155,277.15155,276.28156,269.20154,264.49155,264.65155,263.92154,264.17154,263.98154,263.18155,263.53156,262.46155,262.31155,266.19153,269.00156,267.97156,264.65155,263.80154,263.71155,263.11154,262.67154,263.97156,263.85153,263.72156,266.25156,265.39154,264.74155,263.22156,261.13153,265.18155,264.83154,260.63153,256.83154,257.76154,256.88153,256.53156,256.61154,256.78156,257.54153,259.39154,257.95154,257.18155,259.09155,260.46155,259.52155,259.76154,259.56155,260.56155,260.81155,260.46155,258.20154
