data/gfs/json/tas-2m-gfs-1.0.json
{"header": { "discipline":0, "disciplineName":"Meteorological products", "gribEdition":2, "gribLength":70205, "center":7, "centerName":"US National Weather Service - NCEP(WMC)", "subcenter":0, "refTime":"2018-01-31T00:00:00.000Z", "significanceOfRT":1, "significanceOfRTName":"Start of forecast", "productStatus":0, "productStatusName":"Operational products", "productType":1, "productTypeName":"Forecast products", "productDefinitionTemplate":0, "productDefinitionTemplateName":"Analysis/forecast at horizontal level/layer at a point in time", "parameterCategory":0, "parameterCategoryName":"Temperature", "parameterNumber":0, "parameterNumberName":"Temperature", "parameterUnit":"K", "genProcessType":2, "genProcessTypeName":"Forecast", "forecastTime":0, "surface1Type":103, "surface1TypeName":"Specified height level above ground", "surface1Value":2.0, "surface2Type":255, "surface2TypeName":"Missing", "surface2Value":0.0, "gridDefinitionTemplate":0, "gridDefinitionTemplateName":"Latitude_Longitude", "numberPoints":65160, "shape":6, "shapeName":"Earth spherical with radius of 6,371,229.0 m", "gridUnits":"degrees", "resolution":48, "winds":"true", "scanMode":0, "nx":360, "ny":181, "basicAngle":0, "lo1":0.0, "la1":90.0, "lo2":359.0, "la2":-90.0, "dx":1.0, "dy":1.0 }, "data":
[rows 52 to 77 of 181, columns 300 to 359 of 360]
292.54153,292.27155,292.00156,292.52155,292.59155,292.47156,292.49155,292.47156,292.32153,292.03156,291.86154,292.14154,292.59155,292.94153,293.13153,293.37155,293.43155,293.21155,293.05154,292.78156,292.39154,292.03156,291.68155,291.37155,291.13153,290.80154,290.29153,289.89154,289.75156,289.62155,289.63153,289.44153,289.46155,289.56155,289.35153,289.29153,289.35153,289.25156,289.14154,288.98154,288.85153,288.52155,288.17154,287.92154,288.03156,287.96155,288.14154,288.61154,288.86154,288.81155,287.87155,287.02155,284.80154,283.03156,280.04153,280.37155,281.98154,278.01154,276.03156,282.12155
292.80154,292.13153,292.28156,292.54153,292.40155,292.27155,292.12155,292.12155,292.07153,291.88153,291.92154,292.06155,292.33154,292.61154,292.91153,293.15155,293.25156,293.18155,293.02155,292.79153,292.55154,292.27155,291.99155,291.73154,291.49155,291.12155,290.65155,290.31155,290.28156,290.54153,290.53156,290.74155,290.44153,290.15155,290.03156,289.97156,289.63153,289.24155,288.75156,288.79153,288.74155,288.46155,288.30154,288.36154,288.47156,288.67154,288.77155,289.00156,289.06155,288.60153,288.31155,287.11154,286.73154,288.31155,284.95154,280.07153,278.88153,276.81155,283.01154,287.86154
293.08154,292.23154,292.66153,292.77155,292.64154,292.42154,292.14154,292.07153,292.05154,292.08154,292.23154,292.40155,292.56155,292.82153,293.04153,293.16153,293.26154,293.19153,293.00156,292.78156,292.62155,292.55154,292.42154,292.12155,291.85153,291.56155,291.20154,291.11154,291.15155,291.02155,291.31155,291.17154,290.68155,290.54153,290.33154,290.02155,289.78156,289.53156,289.37155,289.18155,288.93155,288.82153,288.88153,288.83154,289.05154,289.26154,289.54153,289.46155,288.78156,288.55154,288.84155,289.00156,289.05154,288.54153,287.32153,287.77155,287.78156,287.35153,288.14154,288.15155
293.07153,292.44153,292.82153,292.90155,292.85153,292.55154,292.33154,292.21155,292.18155,292.34155,292.56155,292.82153,293.03156,293.19153,293.28156,293.32153,293.33154,293.25156,293.13153,293.03156,292.99155,292.95154,292.89154,292.49155,292.16153,291.96155,291.92154,291.74155,291.66153,291.72156,291.54153,291.38153,290.85153,290.36154,290.29153,290.30154,290.00156,290.01154,289.98154,289.77155,289.65155,289.55154,289.45154,289.44153,289.62155,289.77155,289.67154,289.21155,288.91153,288.96155,288.95154,288.74155,289.10153,288.90155,284.12155,279.88153,281.54153,284.45154,284.05154,282.56155
292.91153,292.61154,292.86154,293.13153,293.06155,292.93155,292.74155,292.55154,292.44153,292.71155,293.00156,293.29153,293.54153,293.64154,293.59155,293.49155,293.46155,293.37155,293.33154,293.33154,293.36154,293.25156,293.12155,292.78156,292.60153,292.53156,292.47156,292.18155,291.92154,291.76154,291.61154,291.17154,290.92154,290.53156,290.61154,290.79153,290.60153,290.54153,290.32153,290.25156,290.17154,289.92154,289.77155,289.87155,289.95154,289.67154,289.09155,289.13153,289.35153,289.01154,288.89154,288.51154,288.49155,287.51154,282.93155,284.55154,279.14154,281.71155,281.70154,278.59155
292.87155,292.69153,292.95154,293.45154,293.38153,293.25156,293.20154,293.03156,293.06155,293.24155,293.52155,293.78156,293.98154,294.06155,293.96155,293.89154,293.73154,293.66153,293.55154,293.51154,293.42154,293.46155,293.24155,293.05154,292.98154,293.05154,292.73154,292.62155,292.48154,292.10153,291.94153,291.56155,291.29153,291.08154,291.11154,291.22156,291.03156,290.85153,290.67154,290.58154,290.45154,290.31155,290.30154,290.24155,290.11154,289.64154,288.86154,289.52155,289.25156,288.84155,288.74155,287.15155,280.27155,279.19153,280.09155,273.39154,281.51154,277.97156,278.98154,278.77155
292.77155,292.72156,293.07153,293.70154,293.59155,293.54153,293.47156,293.40155,293.64154,293.66153,294.00156,294.28156,294.47156,294.46155,294.37155,294.22156,294.08154,293.95154,293.87155,293.78156,293.76154,293.69153,293.63153,293.46155,293.35153,293.15155,293.11154,293.01154,292.66153,292.26154,292.03156,291.94153,291.63153,291.51154,291.62155,291.51154,291.23154,291.15155,291.11154,290.93155,290.84155,290.76154,290.62155,290.08154,289.87155,289.56155,289.16153,289.32153,288.82153,288.64154,287.92154,283.27155,282.47156,278.87155,272.06155,274.44153,280.16153,283.37155,281.06155,282.94153
292.76154,292.89154,292.91153,293.98154,293.93155,293.88153,293.72156,293.74155,293.95154,293.87155,294.32153,294.62155,294.58154,294.57153,294.48154,294.15155,294.02155,294.07153,294.03156,294.05154,294.05154,294.00156,293.88153,293.83154,293.63153,293.37155,293.30154,293.03156,292.87155,292.68155,292.35153,292.20154,292.31155,291.99155,291.97156,291.62155,291.50156,291.50156,291.43155,291.34155,291.14154,290.85153,290.27155,289.68155,289.51154,289.35153,289.11154,289.26154,289.05154,288.36154,287.61154,274.27155,269.28156,276.19153,274.22156,283.92154,284.97156,285.21155,285.88153,284.80154
293.16153,292.95154,293.20154,294.25156,294.32153,294.32153,294.22156,294.17154,294.16153,294.16153,294.70154,294.39154,294.58154,294.75156,294.29153,294.01154,293.95154,293.92154,294.11154,294.14154,294.15155,294.11154,294.08154,293.87155,293.67154,293.61154,293.38153,293.21155,293.04153,292.52155,292.64154,292.58154,292.64154,292.54153,292.13153,291.95154,291.91153,291.92154,291.73154,291.49155,291.22156,290.78156,290.38153,290.03156,289.76154,289.56155,289.37155,289.16153,288.64154,288.06155,288.05154,278.56155,278.04153,283.52155,282.83154,285.51154,286.60153,287.77155,287.94153,287.60153
293.48154,293.16153,293.71155,294.66153,294.68155,294.67154,294.54153,294.44153,294.35153,294.30154,294.57153,294.48154,294.84155,294.77155,294.20154,293.79153,293.95154,293.92154,293.98154,294.26154,294.17154,294.26154,294.16153,293.88153,293.74155,293.65155,293.39154,293.01154,292.80154,292.68155,292.97156,293.08154,292.99155,292.73154,292.64154,292.52155,292.25156,292.07153,291.85153,291.73154,291.27155,290.66153,290.00156,289.96155,289.63153,289.35153,289.19153,288.91153,288.23154,287.77155,283.74155,283.75156,285.29153,284.19153,283.35153,285.66153,286.03156,291.76154,290.13153,290.99155
293.69153,293.69153,294.30154,294.95154,294.99155,294.98154,294.92154,294.70154,294.60153,294.42154,294.43155,294.41153,294.77155,294.80154,294.49155,294.24155,293.83154,293.75156,294.07153,294.19153,294.52155,294.42154,294.37155,294.15155,294.01154,293.88153,293.49155,293.26154,293.04153,292.99155,293.17154,293.42154,293.19153,292.97156,292.73154,292.63153,292.38153,292.25156,292.09155,291.83154,291.32153,290.68155,290.21155,290.29153,289.27155,289.28156,289.01154,288.29153,285.45154,284.76154,285.66153,284.91153,284.45154,284.74155,285.30154,286.20154,287.38153,291.65155,292.80154,294.11154
294.05154,294.17154,294.70154,295.31155,295.26154,295.30154,295.19153,295.00156,294.98154,294.72156,294.65155,294.55154,294.22156,294.60153,294.92154,294.70154,294.80154,294.71155,294.46155,294.40155,294.70154,294.79153,294.70154,294.61154,294.29153,294.16153,293.83154,293.54153,293.30154,293.36154,293.59155,293.60153,293.55154,293.42154,293.11154,292.88153,292.72156,292.50156,292.30154,292.04153,291.29153,290.98154,290.64154,290.23154,289.94153,289.49155,289.24155,286.14154,285.28156,286.60153,285.82153,285.75156,286.11154,285.82153,286.10153,287.23154,287.60153,289.82153,292.98154,294.97156
294.59155,294.60153,294.92154,295.48154,295.46155,295.48154,295.36154,295.23154,294.94153,294.77155,294.49155,294.47156,294.64154,294.65155,295.05154,295.61154,295.67154,295.42154,295.04153,294.97156,295.09155,295.00156,294.85153,294.80154,294.69153,294.58154,294.29153,293.88153,293.66153,293.69153,293.84155,293.75156,293.70154,293.68155,293.60153,293.25156,292.98154,292.75156,292.59155,292.32153,291.58154,291.35153,290.95154,290.81155,290.17154,289.87155,287.01154,285.08154,283.57153,284.57153,285.34155,285.67154,283.62155,284.30154,286.84155,288.18155,289.88153,291.36154,295.07153,295.34155
295.09155,295.14154,295.22156,295.65155,295.70154,295.64154,295.57153,295.45154,295.19153,294.94153,294.88153,294.97156,294.91153,295.33154,295.29153,295.92154,295.22156,295.68155,295.28156,295.71155,295.93155,295.57153,295.20154,295.09155,295.10153,294.96155,294.55154,294.15155,293.89154,293.84155,293.93155,293.83154,293.76154,293.87155,293.88153,293.58154,293.24155,293.03156,292.91153,292.63153,292.10153,291.89154,291.42154,291.21155,290.81155,288.78156,285.63153,285.50156,285.97156,286.18155,286.37155,286.60153,284.98154,286.32153,288.41153,290.50156,291.58154,292.89154,296.00156,294.97156
295.63153,295.31155,295.86154,295.82153,295.95154,295.88153,295.82153,295.66153,295.41153,295.48154,294.46155,294.90155,295.27155,295.55154,295.49155,295.70154,296.13153,296.00156,295.93155,295.59155,296.36154,296.10153,295.90155,295.52155,295.34155,295.13153,294.91153,294.48154,294.14154,294.02155,293.93155,293.91153,293.85153,293.79153,293.81155,293.69153,293.52155,293.21155,293.11154,292.86154,292.49155,292.22156,291.80154,291.31155,290.42154,285.06155,285.13153,285.87155,285.99155,285.81155,286.59155,286.67154,287.01154,288.71155,289.95154,290.71155,292.14154,293.58154,297.36154,294.54153
296.18155,296.16153,296.22156,296.21155,296.17154,296.13153,296.09155,295.98154,295.90155,295.73154,295.54153,295.35153,294.71155,295.61154,295.54153,294.86154,296.06155,296.37155,296.25156,296.09155,296.67154,296.52155,296.07153,295.90155,295.52155,295.38153,295.21155,294.77155,294.40155,294.09155,293.97156,293.84155,293.84155,293.67154,293.64154,293.48154,293.34155,293.26154,293.11154,292.80154,292.42154,292.13153,291.43155,289.64154,286.90155,285.84155,286.27155,286.49155,285.17154,287.02155,286.27155,286.83154,287.39154,289.09155,291.36154,292.71155,293.44153,298.32153,296.64154,295.40155
296.83154,296.48154,296.61154,296.56155,296.42154,296.35153,296.27155,296.17154,296.22156,295.89154,295.97156,296.01154,296.20154,295.82153,295.56155,295.76154,296.43155,296.30154,296.74155,296.50156,296.78156,296.50156,296.47156,296.04153,295.82153,295.50156,295.23154,295.03156,294.59155,294.34155,293.95154,293.82153,293.66153,293.46155,293.35153,293.30154,293.24155,293.09155,292.85153,292.53156,292.11154,291.72156,290.80154,289.23154,285.41153,286.64154,287.60153,286.57153,284.98154,285.03156,286.49155,286.99155,287.29153,289.76154,292.64154,294.20154,295.91153,299.74155,296.04153,295.25156
296.99155,297.18155,297.10153,296.81155,296.60153,296.57153,296.43155,296.42154,296.39154,296.41153,296.48154,296.48154,296.51154,296.31155,296.08154,296.41153,296.27155,297.15155,297.25156,297.14154,296.83154,296.76154,296.40155,296.37155,296.03156,295.68155,295.43155,295.06155,294.73154,294.38153,294.09155,293.84155,293.73154,293.38153,293.14154,292.98154,292.94153,292.78156,292.40155,291.96155,291.63153,291.35153,290.46155,288.69153,288.23154,286.84155,287.26154,285.98154,286.81155,286.77155,287.40155,288.14154,288.65155,291.48154,295.03156,295.74155,297.19153,296.49155,295.60153,296.64154
297.33154,297.31155,297.30154,297.21155,296.82153,296.62155,296.51154,296.50156,296.57153,296.64154,296.69153,296.81155,296.71155,296.61154,296.15155,296.76154,297.17154,297.63153,297.42154,297.24155,297.13153,296.86154,296.64154,296.46155,296.17154,295.80154,295.47156,295.10153,294.81155,294.51154,294.14154,293.86154,293.61154,293.37155,293.13153,292.84155,292.55154,292.36154,292.07153,291.60153,291.49155,291.40155,290.82153,290.32153,289.31155,287.17154,288.04153,288.19153,287.06155,286.94153,287.40155,288.52155,289.73154,293.13153,294.95154,296.96155,297.34155,296.05154,296.66153,297.86154
297.83154,297.65155,297.51154,297.49155,297.25156,296.88153,296.69153,296.82153,296.73154,296.74155,296.78156,296.78156,296.93155,296.62155,297.00156,297.75156,297.71155,297.58154,297.46155,297.34155,297.23154,297.03156,296.69153,296.44153,296.26154,295.94153,295.50156,295.10153,294.67154,294.38153,294.18155,293.97156,293.64154,293.40155,293.12155,292.79153,292.60153,292.40155,291.90155,291.77155,291.81155,291.62155,291.32153,291.28156,288.64154,288.61154,289.44153,289.66153,288.63153,287.26154,288.02155,289.45154,291.94153,294.25156,297.45154,297.96155,296.90155,296.80154,296.10153,297.73154
297.90155,297.86154,297.68155,297.57153,297.38153,297.14154,297.04153,297.02155,297.05154,297.09155,297.17154,297.21155,296.79153,298.06155,298.06155,298.09155,297.79153,297.60153,297.56155,297.44153,297.25156,297.09155,296.85153,296.62155,296.27155,296.07153,295.69153,295.33154,294.89154,294.62155,294.40155,294.17154,293.91153,293.53156,293.29153,293.06155,292.72156,292.40155,292.25156,292.23154,291.95154,291.88153,291.79153,292.04153,292.07153,289.72156,290.32153,290.93155,292.29153,291.28156,291.64154,293.29153,295.90155,294.85153,295.18155,297.58154,296.17154,296.09155,296.57153,297.50156
297.92154,297.80154,297.76154,297.66153,297.57153,297.47156,297.42154,297.44153,297.48154,297.40155,297.45154,297.67154,298.37155,298.29153,298.23154,298.07153,297.84155,297.72156,297.60153,297.44153,297.27155,297.17154,296.93155,296.67154,296.34155,296.11154,295.93155,295.61154,295.36154,294.89154,294.58154,294.42154,294.17154,293.93155,294.15155,292.43155,292.83154,293.03156,292.54153,292.29153,292.12155,292.10153,292.24155,292.90155,289.89154,290.59155,291.71155,293.00156,294.92154,295.29153,294.87155,295.56155,296.51154,297.62155,297.00156,297.98154,296.58154,297.56155,297.27155,296.59155
297.97156,297.85153,297.83154,297.79153,297.86154,297.74155,297.76154,297.46155,297.70154,298.04153,298.37155,298.45154,298.56155,298.35153,298.29153,298.17154,297.96155,297.74155,297.60153,297.58154,297.50156,297.21155,297.06155,296.82153,296.53156,296.25156,296.03156,295.90155,295.55154,295.13153,294.86154,294.76154,294.89154,294.75156,293.86154,293.42154,293.01154,293.18155,292.72156,292.68155,292.27155,292.47156,292.62155,293.17154,290.32153,292.45154,293.88153,296.02155,296.96155,297.17154,297.74155,298.14154,298.78156,301.01154,298.65155,300.50156,300.39154,297.37155,296.56155,296.19153
298.48154,298.40155,298.24155,298.22156,298.27155,298.18155,298.23154,298.88153,298.86154,298.66153,298.63153,298.66153,298.47156,298.55154,298.49155,298.33154,298.02155,297.84155,297.69153,297.66153,297.65155,297.47156,297.28156,297.06155,296.72156,296.39154,296.15155,296.00156,295.80154,295.38153,295.23154,295.18155,294.84155,294.43155,293.94153,294.02155,293.75156,293.43155,293.08154,293.20154,292.98154,292.98154,293.22156,291.80154,290.93155,293.51154,296.36154,297.30154,299.18155,300.59155,298.74155,296.66153,295.43155,299.62155,302.32153,301.46155,300.90155,296.83154,296.77155,297.82153
298.96155,298.95154,298.81155,298.77155,298.88153,299.16153,298.99155,298.94153,298.93155,298.79153,298.73154,298.65155,298.64154,298.53156,298.61154,298.40155,298.05154,297.86154,297.64154,297.48154,297.46155,297.44153,297.30154,297.18155,296.97156,296.77155,296.59155,296.27155,296.09155,295.98154,295.56155,295.26154,295.07153,294.78156,295.15155,294.61154,293.95154,293.53156,293.64154,293.47156,293.57153,293.55154,293.83154,293.91153,292.82153,297.44153,298.18155,299.62155,300.97156,301.71155,301.67154,300.21155,300.94153,300.94153,302.48154,298.88153,297.90155,296.27155,297.16153,295.78156
299.56155,299.45154,299.38153,299.18155,299.15155,299.16153,299.22156,299.06155,298.94153,298.76154,298.68155,298.64154,298.56155,298.65155,298.73154,298.44153,298.15155,298.04153,297.81155,297.57153,297.53156,297.50156,297.47156,297.39154,297.30154,297.05154,296.56155,296.26154,295.94153,295.83154,295.65155,295.55154,295.36154,295.61154,295.05154,294.47156,294.10153,294.12155,294.04153,294.07153,294.06155,294.44153,294.76154,295.49155,297.25156,299.34155,300.71155,300.99155,302.31155,301.66153,301.31155,301.01154,298.93155,298.15155,299.64154,298.68155,296.78156,296.44153,295.62155,296.22156
